REVIEW  20230608

k=5 | df.size = 10.000 | 

Resultado BRID 

[
    [3312, [0.1844, 0.993], 0.00326172262793546], 
    [5233, [0.1781, 0.998], 0.005429074173440355],
    [247, [0.1822, 0.9861], 0.007506607180706293],
    [8286, [0.1838, 0.9787], 0.015013911002986826],
    [6626, [0.1989, 0.9959], 0.017902269307161704]
]

Resultado BRID LAESA coalesce(1)

[
 [3312, 0.00326172262793546, DenseVector([0.1844, 0.993]), 0.0022852534794390866], 
 [5233, 0.005429074173440355, DenseVector([0.1781, 0.998]), 0.0059534104239375996], 
 [247, 0.007506607180706293, DenseVector([0.1822, 0.9861]), 0.007566280852713825], 
 [8286, 0.015013911002986826, DenseVector([0.1838, 0.9787]), 0.015252047218832332], 
 [6626, 0.017902269307161704, DenseVector([0.1989, 0.9959]), 0.0044000027526659435]
]


Resultado BRID LAESA repartition(8)

[
 [3312, 0.00326172262793546, DenseVector([0.1844, 0.993]), 0.0039056240935640973], 
 [5233, 0.005429074173440355, DenseVector([0.1781, 0.998]), 0.006498892142356882], 
 [247, 0.007506607180706293, DenseVector([0.1822, 0.9861]), 0.007721765054087393], 
 [8286, 0.015013911002986826, DenseVector([0.1838, 0.9787]), 0.015286947018601449], 
 [6626, 0.017902269307161704, DenseVector([0.1989, 0.9959]), 0.005263009646847672], 
]

k=10 | df.size = 10.000 |

Resultado BRID 

[
 [3312, DenseVector([0.1844, 0.993]), 0.00326172262793546], 
 [5233, DenseVector([0.1781, 0.998]), 0.005429074173440355], 
 [247, DenseVector([0.1822, 0.9861]), 0.007506607180706293], 
 [8286, DenseVector([0.1838, 0.9787]), 0.015013911002986826], 
 [6626, DenseVector([0.1989, 0.9959]), 0.017902269307161704], 
 [4468, DenseVector([0.1655, 0.9828]), 0.018936014701402378], 
 [6297, DenseVector([0.2032, 0.9715]), 0.031119777891109555], 
 [1630, DenseVector([0.143, 0.9848]), 0.03913916845425477], 
 [9651, DenseVector([0.1794, 0.9504]), 0.043195021380127444], 
 [4063, DenseVector([0.2239, 0.9997]), 0.0432156092162259]
]


Resultado BRID LAESA coalesce(1)

[
 [3312, 0.00326172262793546, DenseVector([0.1844, 0.993]), 0.00512871006007487], 
 [5233, 0.005429074173440355, DenseVector([0.1781, 0.998]), 0.005696149570759701], 
 [247, 0.007506607180706293, DenseVector([0.1822, 0.9861]), 0.009114073923310761], 
 [8286, 0.015013911002986826, DenseVector([0.1838, 0.9787]), 0.01409385851690842], 
 [6626, 0.017902269307161704, DenseVector([0.1989, 0.9959]), 0.013418779203656528], 
 [4468, 0.018936014701402378, DenseVector([0.1655, 0.9828]), 0.013726628055622359], 
 [6297, 0.031119777891109555, DenseVector([0.2032, 0.9715]), 0.030834439884910747], 
 [1630, 0.03913916845425477, DenseVector([0.143, 0.9848]), 0.0264445611677947], 
 [9651, 0.043195021380127444, DenseVector([0.1794, 0.9504]), 0.04259318968792769], 
 [4063, 0.0432156092162259, DenseVector([0.2239, 0.9997]), 0.0304559276976461]
]

Resultado BRID LAESA repartition(8)

[
 [3312, 0.00326172262793546, DenseVector([0.1844, 0.993]), 0.0039056240935640973], 
 [5233, 0.005429074173440355, DenseVector([0.1781, 0.998]), 0.006498892142356882], 
 [247, 0.007506607180706293, DenseVector([0.1822, 0.9861]), 0.007721765054087393], 
 [8286, 0.015013911002986826, DenseVector([0.1838, 0.9787]), 0.015286947018601449], 
 [6626, 0.017902269307161704, DenseVector([0.1989, 0.9959]), 0.005263009646847672], 
 [4468, 0.018936014701402378, DenseVector([0.1655, 0.9828]), 0.011255067793896623], 
 [6297, 0.031119777891109555, DenseVector([0.2032, 0.9715]), 0.028519365920752215], 
 [1630, 0.03913916845425477, DenseVector([0.143, 0.9848]), 0.009047841259267941], 
 [4063, 0.0432156092162259, DenseVector([0.2239, 0.9997]), 0.00856353551469402], 
 [3716, 0.04668705390431365, DenseVector([0.184, 0.9469]), 0.046653820967892834]
]




